0 0.269463 0.404277 0.043555 0.069977
0 0.400237 0.770531 0.048663 0.080209
1 0.378940 0.616049 0.048307 0.073198
1 0.181293 0.716114 0.048158 0.072554
0 0.077678 0.610679 0.047818 0.070166
0 0.304648 0.418610 0.047725 0.070396
0 0.091327 0.750144 0.046171 0.075642
1 0.504443 0.420744 0.047312 0.072956
0 0.100383 0.466850 0.045962 0.070663
1 0.437251 0.358008 0.047560 0.070716
0 0.617815 0.928832 0.046397 0.075166
0 0.314069 0.777839 0.038897 0.067469
0 0.497676 0.929049 0.046204 0.074870
0 0.571630 0.295686 0.044830 0.066445
