0 0.373853 0.235634 0.043239 0.071072
1 0.414799 0.720723 0.048335 0.073382
1 0.244011 0.711579 0.046889 0.068731
0 0.355574 0.355861 0.051482 0.091464
0 0.071602 0.311737 0.044302 0.066879
0 0.692719 0.483613 0.051227 0.078687
1 0.360059 0.574358 0.048061 0.073616
1 0.621105 0.605502 0.043327 0.068673
1 0.181993 0.657820 0.048241 0.075561
1 0.086343 0.277104 0.045444 0.065124
1 0.600943 0.564146 0.051268 0.067672
0 0.325597 0.236163 0.046140 0.073226
0 0.617753 0.928833 0.046456 0.075365
0 0.552857 0.619495 0.045330 0.074828
0 0.181826 0.658468 0.048400 0.076557
0 0.077287 0.307671 0.041842 0.068675
