0 0.116613 0.582424 0.045322 0.071849
0 0.135317 0.459790 0.042530 0.079654
1 0.542760 0.589742 0.046873 0.069361
0 0.382769 0.732117 0.044724 0.076426
0 0.412118 0.517692 0.030223 0.068392
0 0.067253 0.785660 0.045565 0.072200
0 0.144773 0.456529 0.042413 0.078366
0 0.435217 0.518280 0.045861 0.069943
1 0.155132 0.444975 0.045640 0.070747
0 0.151546 0.449012 0.051625 0.076400
0 0.402510 0.513796 0.042788 0.069344
0 0.617779 0.928831 0.046487 0.075331
0 0.062029 0.653016 0.050996 0.077630
1 0.169132 0.148768 0.048006 0.070745
1 0.407304 0.712437 0.043923 0.064641
0 0.398584 0.725689 0.036770 0.078356
