0 0.096687 0.382764 0.045759 0.070644
0 0.525363 0.544240 0.043735 0.068831
1 0.443485 0.495549 0.048274 0.072278
1 0.094611 0.735614 0.047172 0.069334
0 0.393432 0.314409 0.049565 0.080556
0 0.280778 0.601985 0.045716 0.070741
0 0.535134 0.634665 0.045480 0.072852
1 0.280621 0.601686 0.046566 0.071483
0 0.617704 0.928841 0.046532 0.075617
1 0.397450 0.704285 0.050339 0.073630
0 0.094861 0.736148 0.047183 0.070615
1 0.614244 0.604337 0.045333 0.072114
0 0.498014 0.928961 0.045681 0.074467
0 0.613916 0.604867 0.045896 0.072952
