0 0.457436 0.602999 0.045499 0.071374
1 0.176178 0.229461 0.044822 0.070360
0 0.530374 0.482997 0.050577 0.078976
1 0.456512 0.375953 0.045785 0.070265
1 0.381515 0.567140 0.046321 0.069342
0 0.617741 0.928852 0.046479 0.075587
0 0.363537 0.152247 0.045904 0.075591
0 0.381907 0.567795 0.046686 0.068736
0 0.633731 0.764279 0.052180 0.077082
1 0.298170 0.518471 0.046887 0.070618
0 0.336480 0.695989 0.047106 0.072471
0 0.298204 0.519486 0.046607 0.070388
0 0.302235 0.621830 0.049811 0.084244
0 0.497927 0.929076 0.045517 0.074936
