0 0.092679 0.395566 0.040466 0.063768
0 0.319918 0.134642 0.043761 0.070284
1 0.561521 0.318195 0.046527 0.071500
1 0.115391 0.373524 0.048234 0.069508
0 0.317035 0.768854 0.048879 0.079485
0 0.304566 0.398407 0.045393 0.074152
0 0.439781 0.728989 0.045090 0.074681
0 0.394643 0.770735 0.046682 0.077480
1 0.439781 0.728722 0.047143 0.071693
1 0.494963 0.427033 0.045150 0.067625
1 0.376386 0.404525 0.045198 0.068747
0 0.355333 0.448654 0.046782 0.075671
0 0.617731 0.928812 0.046500 0.075741
0 0.109960 0.378611 0.044358 0.073529
0 0.525348 0.450007 0.048441 0.072921
1 0.525200 0.449913 0.047989 0.073547
1 0.506364 0.432552 0.026868 0.064767
