0 0.166096 0.461641 0.046823 0.075236
0 0.183536 0.612301 0.044547 0.069874
1 0.050343 0.566296 0.047359 0.070059
1 0.622863 0.460000 0.047652 0.071856
1 0.645981 0.699813 0.046349 0.067422
0 0.610707 0.648589 0.032150 0.050444
0 0.617739 0.928868 0.046351 0.075476
0 0.610794 0.329296 0.045210 0.071272
1 0.520567 0.516068 0.047689 0.072168
0 0.520401 0.516111 0.048306 0.073124
0 0.242306 0.497917 0.050916 0.081451
1 0.442007 0.325101 0.047444 0.074122
0 0.164922 0.289177 0.045289 0.067302
0 0.535475 0.698601 0.036154 0.059052
