0 0.484674 0.580131 0.045601 0.074076
0 0.313557 0.747328 0.044015 0.069231
0 0.204477 0.648371 0.046893 0.072157
0 0.192420 0.806391 0.049914 0.079858
1 0.555644 0.425342 0.047215 0.073828
0 0.548889 0.322209 0.041765 0.066647
1 0.170546 0.283648 0.047281 0.071170
0 0.686642 0.461096 0.047098 0.079804
0 0.387913 0.464806 0.045255 0.073313
1 0.544182 0.634367 0.046116 0.070410
1 0.444845 0.395857 0.049608 0.076495
0 0.617746 0.928823 0.046463 0.075465
1 0.341266 0.607658 0.031381 0.051615
1 0.573093 0.300087 0.047308 0.066647
