0 0.620465 0.631241 0.045881 0.070695
1 0.551615 0.643868 0.045471 0.070562
0 0.305204 0.233605 0.047198 0.071238
0 0.166397 0.450603 0.046015 0.070254
0 0.624151 0.594565 0.045864 0.056549
0 0.508417 0.589112 0.045800 0.067510
0 0.252634 0.180454 0.044553 0.069616
1 0.448165 0.538491 0.045044 0.068561
0 0.618022 0.928601 0.046017 0.075733
1 0.508795 0.590159 0.044961 0.067877
1 0.627216 0.578553 0.047099 0.071964
0 0.418797 0.543555 0.041862 0.070731
0 0.447584 0.539127 0.045563 0.067861
0 0.087611 0.466034 0.048676 0.083240
