0 0.185573 0.487965 0.043769 0.072807
0 0.347752 0.503335 0.044449 0.070408
0 0.081234 0.736354 0.045811 0.069631
1 0.269683 0.458062 0.047898 0.071141
1 0.343961 0.637883 0.047361 0.072417
1 0.626622 0.470642 0.044817 0.071948
0 0.342926 0.637891 0.045850 0.075711
0 0.570246 0.445441 0.046288 0.070985
0 0.617764 0.928880 0.046439 0.075305
0 0.626841 0.471674 0.044075 0.069161
1 0.704643 0.407008 0.046438 0.071046
0 0.085562 0.382926 0.045632 0.070082
0 0.439966 0.540168 0.045779 0.069749
1 0.084878 0.383363 0.045653 0.070310
0 0.543129 0.336525 0.046319 0.072245
