0 0.522917 0.534722 0.044792 0.071296
0 0.656771 0.706944 0.044792 0.071296
0 0.260417 0.427315 0.044792 0.071296
0 0.589063 0.702315 0.044792 0.071296
0 0.229687 0.298611 0.044792 0.071296
1 0.566667 0.693056 0.047917 0.071296
1 0.523958 0.408796 0.047917 0.071296
1 0.423437 0.384722 0.047917 0.071296
1 0.531250 0.376389 0.047917 0.071296
0 0.160156 0.541667 0.053646 0.085185
0 0.197396 0.778704 0.048958 0.077778
0 0.156250 0.347222 0.048958 0.077778
0 0.616667 0.928704 0.048958 0.077778
0 0.243750 0.243981 0.044792 0.071296
