0 0.228858 0.181926 0.045466 0.071577
1 0.544200 0.434616 0.047528 0.070752
0 0.330789 0.704680 0.044869 0.075038
0 0.523142 0.473069 0.049668 0.084895
0 0.203376 0.801563 0.038473 0.057536
0 0.322247 0.195294 0.045446 0.071538
0 0.617749 0.928850 0.046448 0.075447
1 0.412023 0.743616 0.043813 0.065467
0 0.393341 0.541211 0.034686 0.059818
1 0.294432 0.280066 0.047184 0.069861
0 0.657530 0.713744 0.046148 0.069357
0 0.257791 0.099226 0.042020 0.065314
0 0.411769 0.742752 0.044053 0.065488
1 0.542017 0.446701 0.045385 0.070213
