0 0.634320 0.394968 0.045466 0.075317
1 0.523963 0.449358 0.048058 0.074130
0 0.343070 0.379994 0.044374 0.069368
1 0.259539 0.651919 0.047756 0.070737
0 0.349961 0.512235 0.044339 0.071732
0 0.241413 0.346615 0.044140 0.069058
1 0.067703 0.379116 0.045867 0.070895
0 0.622468 0.608769 0.044213 0.067715
0 0.059836 0.764194 0.045361 0.067985
0 0.606577 0.515050 0.050295 0.077968
0 0.617785 0.928860 0.046413 0.075112
0 0.606321 0.699446 0.045106 0.067901
0 0.067666 0.378709 0.046095 0.072559
0 0.156187 0.357040 0.049754 0.083417
