0 0.169080 0.319888 0.045261 0.069021
1 0.561155 0.363781 0.049873 0.070653
1 0.298385 0.685480 0.047493 0.073991
1 0.543627 0.672813 0.046881 0.073067
0 0.617744 0.928893 0.046440 0.075733
0 0.694725 0.457896 0.049811 0.078119
0 0.379929 0.633974 0.044283 0.068968
1 0.379587 0.634463 0.043849 0.069701
1 0.253854 0.142463 0.045010 0.068814
0 0.170134 0.522514 0.051390 0.076574
0 0.609660 0.701263 0.046861 0.071867
0 0.297697 0.686027 0.047693 0.073504
0 0.247379 0.462650 0.046088 0.073793
1 0.610507 0.701854 0.047116 0.071261
