0 0.365791 0.396808 0.046188 0.073628
1 0.136701 0.673599 0.046544 0.070307
1 0.507207 0.371476 0.047625 0.069831
1 0.643991 0.672612 0.046337 0.069688
1 0.529628 0.521782 0.047384 0.070858
0 0.531528 0.685550 0.047241 0.077750
0 0.589980 0.419700 0.046228 0.076722
0 0.167544 0.404654 0.046918 0.073603
0 0.405926 0.274092 0.046606 0.070213
0 0.175733 0.743443 0.044410 0.068315
1 0.168134 0.404504 0.047577 0.073730
0 0.621858 0.575764 0.039721 0.063001
0 0.617750 0.928797 0.046490 0.075291
1 0.175592 0.743910 0.043774 0.067194
